-0.960533 0.23473 -0.149259 
0.204168 0.959353 0.194827 
0.188924 0.156664 -0.969414 
454.1 90.75 410 
0.0978052 -0.0423891 -0.0627314 
-0.999695 0.0240719 0.00551367 
0.0230354 0.989434 -0.143139 
-0.00890106 -0.142969 -0.989687 
541.1 -4.25 445.6 
0.0977592 -0.0416615 -0.0634078 
-0.981627 0.0989348 -0.163155 
0.0710528 0.983111 0.168653 
0.177085 0.153962 -0.972079 
455 85 436.2 
0.0977992 -0.0418908 -0.0632482 
-0.955227 -0.202266 -0.21594 
-0.245794 0.948757 0.198607 
0.164703 0.242792 -0.955994 
428.75 79 498.1 
0.0977586 -0.0416619 -0.0634082 
-0.987046 -0.0575061 0.149779 
-0.045512 0.995567 0.082313 
-0.153848 0.07443 -0.985287 
478.4 -73.75 458.8 
0.0977597 -0.0416602 -0.0634077 
-0.994428 -0.055741 -0.0894705 
-0.0495056 0.996285 -0.0704613 
0.0930657 -0.0656395 -0.993494 
518.9 44.5 459.5 
0.0977617 -0.0416667 -0.0634073 
-0.98982 -0.0886671 0.11133 
-0.0601932 0.969625 0.237075 
-0.128969 0.22796 -0.965091 
433.55 -61.75 461.6 
0.0977629 -0.0416626 -0.0634096 
-0.986319 -0.15033 -0.0676465 
-0.161516 0.963363 0.214112 
0.0329807 0.222108 -0.974464 
435.8 15.75 481 
0.097759 -0.0416607 -0.0634103 
-0.966599 -0.25143 -0.0496958 
-0.256289 0.947048 0.193434 
-0.0015708 0.19971 -0.979854 
442.4 -0.75 499.5 
0.0977592 -0.0416583 -0.0634112 
-0.984204 -0.128956 -0.121298 
-0.150604 0.97002 0.190734 
0.0930657 0.205989 -0.974119 
440.3 44.5 479 
0.0977596 -0.0416643 -0.0634101 
