-0.957123 -0.13599 -0.255779 
-0.161885 0.983315 0.0829734 
0.240228 0.120823 -0.963168 
471.4 83.4 438.4 
0.217326 0.149732 -0.0491747 
-0.846109 -0.271418 -0.458729 
-0.329884 0.942658 0.0507134 
0.41866 0.194236 -0.887128 
450.6 148.5 485.2 
0.290586 0.216889 0.00980955 
-0.963842 -0.196135 0.180388 
-0.177768 0.977557 0.113052 
-0.198513 0.0768976 -0.977077 
482 -68.7 441.8 
0.100502 0.153557 -0.193144 
-0.954038 0.214808 -0.208973 
0.279884 0.887915 -0.365063 
0.107132 -0.406772 -0.907226 
596.6 36.9 334.6 
0.0774115 0.055864 -0.206221 
-0.988956 0.118503 -0.0890139 
0.138989 0.950073 -0.279362 
0.0514645 -0.288649 -0.956051 
567.2 17.7 368 
0.0781536 0.0787272 -0.203456 
-0.97944 -0.164596 -0.116643 
-0.105536 0.910819 -0.399088 
0.171929 -0.378573 -0.909463 
590.4 59.4 424.6 
0.06258 0.145951 -0.18822 
-0.946079 -0.0705172 0.316166 
-0.046271 0.995428 0.0835597 
-0.320613 0.0644248 -0.945017 
484.4 -112.2 411.2 
0.0654951 0.131328 -0.244479 
-0.939467 0.0157884 -0.342276 
0.0698145 0.986802 -0.146106 
0.335452 -0.161157 -0.928171 
539.4 117.6 383 
0.16874 0.0994547 -0.0719887 
-0.978781 0.185523 0.0869963 
0.192029 0.978631 0.073521 
-0.0714974 0.0886668 -0.993492 
479.6 -24.6 355.6 
0.126327 0.0582459 -0.162854 
-0.922456 0.349069 -0.165001 
0.291735 0.910081 0.294354 
0.252914 0.223392 -0.941345 
446.6 87.9 329.8 
0.219239 0.0431751 0.00248533 
-0.888267 -0.397907 0.229459 
-0.347214 0.908713 0.231695 
-0.300706 0.126135 -0.945339 
469.6 -105 485.4 
0.102528 0.206773 -0.199787 
-0.956435 0.215443 -0.197019 
0.191115 0.972193 0.135337 
0.220697 0.0917878 -0.971014 
478.4 76.5 354.8 
0.134852 0.411817 -0.144497 
-0.956833 -0.0843111 0.27814 
-0.0375941 0.984863 0.169208 
-0.288196 0.151448 -0.945519 
463.6 -100.5 409 
0.0951954 0.129325 -0.212843 
-0.999848 -0.0159927 -0.00698705 
-0.0174524 0.916223 0.400288 
-1.22461e-16 0.400349 -0.916363 
405.6 0 404 
0.222764 0.130029 -0.0580889 
-0.924036 0.364141 0.116444 
0.354704 0.930219 -0.0942228 
-0.142629 -0.045762 -0.988718 
510.6 -49.2 316 
0.0877032 0.0199454 -0.228509 
-0.941255 0.334987 -0.0426935 
0.31494 0.916406 0.247009 
0.121869 0.219052 -0.968072 
449 42 326 
0.187169 0.0348695 -0.0550069 
-0.974728 0.223385 0.00202719 
0.210744 0.922503 -0.323381 
-0.0741085 -0.314781 -0.946267 
573.6 -25.5 351.2 
0.0496798 0.0647386 -0.257834 
-0.999507 -0.00208171 0.0313417 
0 0.997801 0.0662739 
-0.0314108 0.0662412 -0.997309 
484.8 -10.8 400 
0.132298 0.104521 -0.148539 
-0.996248 0.0831529 0.0239921 
0.0731599 0.95726 -0.279823 
-0.0462347 -0.277018 -0.959752 
564.4 -15.9 383.2 
0.0540661 0.0939306 -0.236478 
-0.903419 -0.422059 -0.0755058 
-0.344982 0.820107 -0.456522 
0.254602 -0.386382 -0.886502 
594.2 88.5 483.6 
0.051029 0.210135 -0.170673 
-0.987921 -0.140395 -0.0655774 
-0.151173 0.966177 0.208924 
0.0340274 0.216314 -0.975731 
450 11.7 434.8 
0.191792 0.144737 -0.0907845 
-0.910257 -0.370892 -0.184044 
-0.277425 0.876306 -0.393857 
0.307357 -0.307452 -0.900558 
575.4 107.4 467.8 
0.0954684 0.190726 -0.137695 
-0.960336 -0.109096 0.256616 
-0.162429 0.966896 -0.196799 
-0.226651 -0.230675 -0.946265 
554.8 -78.6 438.4 
0.0100127 0.155402 -0.276648 
-0.913838 0.185335 0.36132 
0.101696 0.965871 -0.238226 
-0.39314 -0.180955 -0.901497 
545.4 -138.9 374.6 
-0.00610605 0.102561 -0.349538 
-0.946887 -0.17423 0.270276 
-0.243119 0.938002 -0.247073 
-0.210472 -0.29966 -0.93054 
571.4 -72.9 457.6 
-0.00945108 0.17781 -0.282518 
-0.897021 0.202838 0.392696 
0.197223 0.978811 -0.0550719 
-0.395546 0.028048 -0.918018 
493 -139.8 350.4 
0.0386499 0.075823 -0.307104 
-0.997245 0.000420283 -0.0741749 
0.0295975 0.919183 -0.392716 
0.0680153 -0.39383 -0.916664 
593 23.4 393.2 
0.049038 0.113185 -0.22379 
-0.932191 -0.361964 -0.00112848 
-0.351316 0.90401 0.243604 
-0.0871557 0.227482 -0.969874 
447.2 -30 482.6 
0.179985 0.196119 -0.12244 
-0.909683 0.347603 -0.227266 
0.367536 0.92862 -0.0508216 
0.193378 -0.12976 -0.972506 
530.4 66.9 312 
0.151438 0.0163015 -0.102665 
-0.912597 -0.110524 -0.393639 
-0.0790394 0.992299 -0.0953699 
0.401149 -0.0559213 -0.914304 
514 141.9 419.8 
0.208332 0.141583 -0.0342565 
-0.965696 0.0588854 0.252911 
0.0362543 0.994984 -0.0932316 
-0.257133 -0.0808643 -0.962987 
519.2 -89.4 391.4 
0.0455151 0.105081 -0.265074 
-0.844068 0.280201 -0.457206 
0.352216 0.932605 -0.0786885 
0.404344 -0.227454 -0.885873 
557.6 143.1 309.4 
0.176726 0.03449 -0.0293653 
-0.937688 -0.294792 0.183954 
-0.285785 0.955408 0.0743099 
-0.197657 0.0171081 -0.980122 
496 -68.4 467.8 
0.0863088 0.178755 -0.200909 
-0.963756 0.262577 0.0471944 
0.233157 0.914968 -0.329349 
-0.129661 -0.306408 -0.943028 
572 -44.7 345.6 
0.0405112 0.0601314 -0.278679 
-0.926162 -0.271192 0.262065 
-0.280507 0.95985 0.00193891 
-0.252069 -0.0717155 -0.965048 
517 -87.6 467.4 
0.0468518 0.18201 -0.23749 
-0.937263 -0.30041 -0.176896 
-0.314514 0.947522 0.0573026 
0.150398 0.109344 -0.98256 
474.6 51.9 474.2 
0.194995 0.180714 -0.085478 
-0.90906 -0.126821 -0.396896 
0.0404853 0.921162 -0.387069 
0.414693 -0.367937 -0.832257 
595.4 147 389.8 
0.125945 0.127834 -0.0999371 
-0.963914 0.260924 -0.0528049 
0.257379 0.964084 0.065563 
0.0680153 0.0496062 -0.99645 
488.6 23.4 340.2 
0.148835 0.0428408 -0.116933 
-0.929938 -0.367717 -0.000283505 
-0.360699 0.91234 -0.193733 
0.0714974 -0.180057 -0.981054 
541.6 24.6 484.8 
0.0851888 0.191009 -0.171565 
-0.976287 0.20956 -0.0543033 
0.216438 0.949936 -0.225336 
0.00436331 -0.231746 -0.972767 
553.6 1.5 350 
0.0834407 0.0568557 -0.207417 
-0.939166 0.00241598 0.343455 
0.0393627 0.994144 0.100643 
-0.3412 0.10804 -0.933761 
473.6 -119.7 390.4 
0.0694769 0.113476 -0.248837 
-0.907731 0.4115 -0.0818039 
0.373213 0.88105 0.290625 
0.191666 0.233279 -0.953334 
445 66.3 310.6 
0.200863 0.0216267 -0.0205756 
-0.925874 0.110438 -0.361332 
0.0777478 0.991551 0.103838 
0.369747 0.068048 -0.926637 
483.2 130.2 380.8 
0.231418 0.100044 0.00108633 
-0.919009 -0.364004 0.151406 
-0.393888 0.831631 -0.391462 
0.0165799 -0.419394 -0.907653 
599.2 5.7 492.8 
-0.00834809 0.216393 -0.236831 
-0.887876 -0.338981 0.311075 
-0.403693 0.898329 -0.173313 
-0.220697 -0.27946 -0.934449 
566.6 -76.5 497.8 
-0.0128356 0.217985 -0.266491 
-0.911641 -0.354492 -0.207955 
-0.405889 0.856022 0.320126 
0.0645323 0.376247 -0.924269 
411.4 22.2 496 
0.26666 0.217061 -0.0537361 
-0.992299 -0.0500003 0.113322 
-0.0502677 0.998736 0.000497946 
-0.113203 -0.00520231 -0.993558 
501.2 -39 411.6 
0.0964806 0.117781 -0.191652 
-0.932936 0.0709934 0.352973 
0.00569905 0.983156 -0.182679 
-0.359997 -0.168416 -0.917626 
541.6 -126.6 398.6 
1.02794e-05 0.123067 -0.322992 
-0.865774 -0.494914 -0.074125 
-0.401879 0.775865 -0.486341 
0.298208 -0.391272 -0.870619 
596.8 104.1 499.6 
0.0488461 0.229645 -0.161711 
-0.968345 -0.0149747 0.249166 
0.0414322 0.97471 0.219599 
-0.246153 0.222971 -0.943235 
446.8 -85.5 390.2 
0.118674 0.110832 -0.186877 
-0.968022 0.102468 -0.228984 
0.135185 0.98198 -0.132064 
0.211325 -0.158796 -0.96443 
537.4 73.2 368.2 
0.142735 0.0765683 -0.113232 
-0.914825 0.0860296 -0.39458 
0.0687861 0.995963 0.0576691 
0.397949 0.0256155 -0.91705 
493.6 140.7 382.8 
0.229033 0.104163 0.000437969 
-0.970091 0.128324 -0.206048 
0.129438 0.991554 0.00812507 
0.20535 -0.0187883 -0.978508 
504.4 71.1 369.6 
0.171005 0.0757064 -0.0815714 
-0.841913 0.363287 -0.399006 
0.358238 0.929264 0.0901864 
0.403545 -0.06701 -0.912503 
516.8 142.8 307.8 
0.207382 0.0294609 0.00836898 
-0.954804 0.063215 -0.290437 
0.0759831 0.996567 -0.0328851 
0.287361 -0.0534671 -0.956329 
512.8 100.2 381.8 
0.182721 0.0919442 -0.0619583 
-0.941419 0.0178226 -0.336768 
0.00985888 0.99963 0.0253428 
0.337095 0.0205381 -0.941247 
495 118.2 397.6 
0.213142 0.113271 -0.0294734 
-0.933237 -0.27636 -0.229552 
-0.15366 0.884608 -0.440292 
0.324743 -0.375623 -0.868014 
593.6 113.7 437.4 
0.0874955 0.167571 -0.143769 
-0.938656 -0.34387 -0.026035 
-0.343499 0.925615 0.158888 
-0.0305385 0.158084 -0.986953 
463.6 -10.5 480.4 
0.169429 0.18872 -0.123133 
-0.946506 -0.0545875 0.318036 
-0.12125 0.973528 -0.193756 
-0.299041 -0.221953 -0.928069 
553.8 -104.4 429.2 
-0.00346789 0.150847 -0.302076 
-0.840675 -0.384723 -0.381121 
-0.363793 0.922532 -0.128799 
0.401149 0.0303706 -0.915509 
492.4 141.9 493.6 
0.22883 0.215867 -0.0402052 
-0.939268 -0.263211 -0.220218 
-0.169847 0.91412 -0.368154 
0.298208 -0.308391 -0.903309 
575.4 104.1 441 
0.103491 0.16325 -0.135874 
-0.916561 -0.229767 0.327297 
-0.237892 0.971167 0.0155801 
-0.321439 -0.0635813 -0.944793 
515.4 -112.5 458.2 
0.0330655 0.17803 -0.258748 
-0.96519 -0.224232 -0.134643 
-0.178887 0.941503 -0.285609 
0.190809 -0.251581 -0.948841 
559.4 66 442 
0.0984315 0.154332 -0.153848 
-0.972602 -0.192592 0.130208 
-0.15927 0.960004 0.230273 
-0.16935 0.203226 -0.964375 
452.4 -58.5 437.2 
0.142107 0.152499 -0.155604 
-0.970359 -0.058634 0.234449 
-0.0169377 0.984236 0.176048 
-0.241075 0.166858 -0.956055 
460.4 -83.7 404 
0.108686 0.121357 -0.194739 
-0.904727 0.0207778 0.425485 
-0.115898 0.949127 -0.292788 
-0.409923 -0.314206 -0.856293 
580.6 -145.2 429.2 
-0.0568338 0.168863 -0.366305 
-0.930538 0.320002 -0.178037 
0.328607 0.944248 -0.020336 
0.161604 -0.0774278 -0.983814 
518 55.8 322.2 
0.151916 0.0240814 -0.106104 
-0.994147 -0.10132 0.0374849 
-0.100982 0.994829 0.0108248 
-0.0383878 0.00697611 -0.999239 
498.4 -13.2 423.2 
0.11729 0.127522 -0.163097 
-0.976971 -0.0791478 0.198151 
-0.0760315 0.996833 0.0232985 
-0.199368 0.00769623 -0.979894 
498.2 -69 417.8 
0.0796101 0.12815 -0.215954 
-0.951441 0.134934 0.276683 
0.0531938 0.957357 -0.283967 
-0.303202 -0.25546 -0.918046 
562.2 -105.9 387.2 
-0.0028624 0.11035 -0.326965 
-0.917772 -0.355173 -0.177615 
-0.345882 0.9347 -0.0818587 
0.19509 -0.0136939 -0.98069 
503.2 67.5 482.6 
0.16661 0.188621 -0.10284 
-0.911235 -0.409979 0.0395876 
-0.411439 0.901551 -0.133879 
0.0191974 -0.138283 -0.990207 
531.8 6.6 497.2 
0.0858944 0.202436 -0.174943 
-0.942855 -0.158912 0.292868 
-0.118274 0.981324 0.151702 
-0.311506 0.108395 -0.944042 
473.8 -108.9 428.6 
0.081952 0.149509 -0.224461 
-0.919505 -0.291959 -0.263192 
-0.302318 0.953206 -0.00119496 
0.251225 0.0784688 -0.964743 
481.4 87.3 472.8 
0.209792 0.183693 -0.0643866 
-0.891455 -0.291894 -0.346563 
-0.335964 0.939018 0.0733 
0.304033 0.181776 -0.935158 
456 106.2 482.6 
0.256463 0.201482 -0.027393 
-0.903812 -0.418243 -0.0905378 
-0.391114 0.893208 -0.221831 
0.173648 -0.165082 -0.970873 
538.6 60 493.6 
0.110149 0.201423 -0.142688 
-0.936491 -0.303885 0.17504 
-0.230024 0.909032 0.347492 
-0.264715 0.285159 -0.921201 
431.2 -92.1 455.2 
0.153368 0.182673 -0.160972 
-0.953732 -0.0945076 -0.285418 
-0.0383058 0.979771 -0.196422 
0.298208 -0.1764 -0.938059 
542.6 104.1 409.2 
0.151742 0.123789 -0.0965874 
-0.976796 -0.107294 -0.185357 
-0.105252 0.994227 -0.0208503 
0.186524 -0.00085735 -0.98245 
500.2 64.5 424.6 
0.170188 0.12983 -0.0932102 
-0.994053 0.0276844 0.10532 
0.00260243 0.972909 -0.231175 
-0.108867 -0.229527 -0.967195 
553.4 -37.5 399.4 
0.0459514 0.109112 -0.24573 
-0.932084 -0.225693 0.283342 
-0.109495 0.921135 0.373525 
-0.345298 0.317132 -0.883287 
421 -121.2 426.8 
0.137278 0.163916 -0.185139 
-0.97092 -0.234524 0.0480934 
-0.239379 0.948097 -0.209308 
0.00349065 -0.214734 -0.976666 
549.6 1.2 455.4 
0.0646552 0.162756 -0.199587 
-0.866489 -0.264546 0.423336 
-0.389415 0.8888 -0.241642 
-0.312335 -0.374234 -0.873153 
592.8 -109.2 496.8 
-0.0661622 0.232036 -0.315363 
-0.940608 -0.266353 0.210506 
-0.201649 0.937154 0.284746 
-0.27312 0.225386 -0.935204 
445.8 -95.1 448.4 
0.129907 0.1721 -0.178983 
-0.970716 0.12123 0.207396 
0.0491744 0.945321 -0.322411 
-0.235142 -0.302771 -0.9236 
572.6 -81.6 388.4 
0.00248092 0.109062 -0.311998 
-0.90638 -0.421779 -0.0240436 
-0.410199 0.865026 0.288906 
-0.101056 0.271722 -0.957055 
436.6 -34.8 497.4 
0.196851 0.214509 -0.116143 
-0.994026 0.0972053 -0.0496395 
0.108864 0.915706 -0.386823 
0.0078539 -0.389916 -0.920817 
591.8 2.7 375 
0.0442181 0.0942199 -0.243797 
-0.995836 -0.0560151 -0.0719292 
-0.0643978 0.990674 0.120076 
0.0645323 0.124208 -0.990156 
471.4 22.2 414.8 
0.171343 0.120117 -0.1023 
-0.925175 -0.196928 0.324455 
-0.115237 0.960254 0.25423 
-0.361625 0.197818 -0.911096 
451 -127.2 428.4 
0.0974701 0.15831 -0.218755 
-0.880347 0.464812 0.0945467 
0.39472 0.828424 -0.397379 
-0.263031 -0.312511 -0.912771 
575.6 -91.5 303.4 
0.0259662 0.0250864 -0.343415 
-0.984348 0.0642429 0.164107 
0.0300746 0.978766 -0.202763 
-0.173648 -0.194654 -0.965379 
545.6 -60 393 
0.0400855 0.104399 -0.26197 
