-0.917115 0.341364 0.205843 
0.393076 0.8603 0.324616 
-0.0662739 0.378622 -0.923176 
388.5 -30.4 288.64 
0.18769 0.0109642 -0.110042 
-0.837441 -0.370232 0.40202 
-0.374606 0.92446 0.0710286 
-0.397949 -0.0911167 -0.912872 
528.5 -187.6 515.68 
0.003895 0.243097 -0.319965 
-0.948298 -0.265897 -0.173288 
-0.265662 0.963742 -0.0249851 
0.173648 0.0223427 -0.984554 
493.5 80 475.12 
0.175037 0.181361 -0.0787379 
-0.908105 -0.0263705 0.417911 
0.0635009 0.9778 0.199685 
-0.413899 0.207873 -0.886271 
434 -195.6 380.8 
0.0914058 0.115424 -0.301741 
-0.936094 -0.211679 0.280928 
-0.129061 0.949647 0.285506 
-0.327218 0.231003 -0.916278 
429.25 -152.8 437.68 
0.129401 0.165596 -0.237315 
-0.91863 -0.189222 -0.346863 
-0.0304741 0.909186 -0.415274 
0.393942 -0.370913 -0.840972 
619 185.6 409.12 
0.0903804 0.146278 -0.0673181 
-0.923806 0.316777 -0.215024 
0.37418 0.865939 -0.331871 
0.0810687 -0.387042 -0.918491 
614.25 37.2 294.16 
0.0593746 0.011954 -0.197124 
-0.878717 0.1199 -0.46204 
0.251138 0.939271 -0.233878 
0.405939 -0.321548 -0.855465 
603 191.6 323.44 
-0.000596776 0.375827 0.0358861 
-0.995105 -0.0833047 -0.0531546 
-0.0565062 0.920972 -0.385511 
0.0810687 -0.38062 -0.921171 
612.25 37.2 415.6 
0.0252872 0.134923 -0.207383 
-0.904707 -0.298296 0.304179 
-0.239034 0.946416 0.217162 
-0.352658 0.123759 -0.927532 
462 -165.2 471.04 
0.0917321 0.196093 -0.264349 
-0.935438 -0.00175341 -0.353486 
0.00326531 0.999902 -0.0136009 
0.353475 -0.0138771 -0.935341 
504.25 165.6 399.04 
0.2082 0.116926 0.00890858 
-0.951055 -0.30539 0.0472345 
-0.309017 0.939001 -0.15095 
0.00174533 -0.158158 -0.987412 
545.5 0.8 486.4 
0.069668 0.19224 -0.185971 
-0.85093 -0.417955 0.318169 
-0.37708 0.907733 0.183935 
-0.365689 0.0365406 -0.930019 
488.75 -171.6 514.72 
0.0629315 0.239005 -0.277087 
-0.908002 0.0427961 0.416773 
0.165012 0.950894 0.261861 
-0.385101 0.306543 -0.870476 
403 -181.2 350.56 
0.12244 0.088939 -0.273898 
-0.856236 -0.467862 0.219008 
-0.301528 0.796883 0.523505 
-0.419452 0.382207 -0.823394 
375.5 -198.4 493.12 
0.200065 0.245068 -0.226086 
-0.996923 0.0343467 -0.0704605 
0.0522465 0.961261 -0.270643 
0.0584352 -0.273491 -0.960098 
579.5 26.8 385.6 
0.0615414 0.0956466 -0.191225 
-0.970711 -0.240034 0.0102362 
-0.240227 0.969108 -0.0558698 
0.00349065 -0.0566924 -0.998386 
516.25 1.6 466.72 
0.107202 0.170294 -0.163291 
-0.888754 -0.316481 -0.331596 
-0.401288 0.886827 0.229143 
0.221548 0.336717 -0.915171 
399 102.4 516.64 
0.311528 0.244162 0.00681057 
-0.8969 0.437135 0.0669544 
0.365106 0.817371 -0.445648 
-0.249535 -0.375257 -0.892701 
614 -115.6 293.68 
-0.00652623 0.0192585 -0.378336 
-0.987666 -0.0213504 -0.155115 
0.0370791 0.930589 -0.364184 
0.152123 -0.365443 -0.918319 
608.5 70 389.68 
0.0529974 0.109137 -0.170427 
-0.987522 0.0230828 -0.155778 
0.0336222 0.997295 -0.0653641 
0.153848 -0.0697861 -0.985627 
520.25 70.8 390.64 
0.142355 0.0952182 -0.0985393 
-0.977947 0.03351 -0.206146 
0.0273165 0.999088 0.032818 
0.207058 0.0264631 -0.977971 
492.25 95.6 392.32 
0.183041 0.0987036 -0.0502399 
-0.993996 0.0726569 -0.0818051 
0.0974622 0.927755 -0.360238 
0.0497214 -0.366048 -0.929267 
607.5 22.8 373.12 
0.0360746 0.0902404 -0.217114 
-0.915817 0.141625 -0.375795 
0.198007 0.973346 -0.115721 
0.34939 -0.180389 -0.919449 
555.5 163.6 341.44 
0.160635 0.0603439 -0.0193392 
-0.94298 0.328694 -0.0524356 
0.332076 0.918302 -0.215517 
-0.0226873 -0.220641 -0.975091 
563.75 -10.4 306.88 
0.0746819 0.0126442 -0.218502 
-0.901603 -0.314355 0.297141 
-0.387359 0.892476 -0.231169 
-0.192522 -0.323523 -0.926428 
596.25 -88.8 511.6 
-0.0394817 0.232703 -0.292593 
-0.919945 0.39202 -0.00468622 
0.391441 0.919119 0.0446601 
0.0218149 0.0392505 -0.998991 
488.75 10 289.36 
0.137325 -0.00943615 -0.136279 
-0.96166 -0.274245 0.000634819 
-0.253184 0.886915 -0.386368 
0.105396 -0.371715 -0.922344 
609.75 48.4 470.8 
0.0160766 0.19024 -0.194706 
-0.9237 -0.0171472 -0.382732 
0.114234 0.941229 -0.317866 
0.365689 -0.337335 -0.867454 
606.25 171.6 366.16 
0.109613 0.0961787 -0.0572185 
-0.890384 0.359123 0.279728 
0.38346 0.922865 0.0357642 
-0.245307 0.139108 -0.959413 
458.75 -113.6 288.16 
0.099462 0.00107104 -0.261727 
-0.950105 -0.241512 -0.197413 
-0.177807 0.939312 -0.29339 
0.256289 -0.24365 -0.935388 
573 118.8 450.88 
0.100287 0.166797 -0.103243 
-0.94519 -0.24234 0.218832 
-0.255917 0.966045 -0.035546 
-0.202787 -0.0896005 -0.975115 
526.25 -93.6 472.72 
0.0477136 0.183554 -0.252657 
-0.982073 -0.180912 -0.0529461 
-0.18379 0.981384 0.0557441 
0.0418757 0.0644757 -0.99704 
481.5 19.2 450.88 
0.15713 0.154912 -0.11975 
-0.974376 -0.048656 0.219598 
-0.104131 0.962974 -0.248673 
-0.199368 -0.265168 -0.943365 
578.5 -92 429.28 
-0.00533245 0.14549 -0.30329 
-0.993221 0.0379788 0.109859 
0.0451019 0.996988 0.0630967 
-0.107132 0.0676239 -0.991942 
480.5 -49.2 387.52 
0.117714 0.093955 -0.188052 
-0.95954 -0.18968 0.208096 
-0.191735 0.981391 0.0104396 
-0.206204 -0.0298822 -0.978053 
508.75 -95.2 454.24 
0.0670251 0.164778 -0.243594 
-0.959052 0.148841 -0.240969 
0.210861 0.943233 -0.256612 
0.189095 -0.296915 -0.935994 
588 87.2 340.48 
0.0940172 0.0552835 -0.129009 
-0.96224 0.179589 -0.204554 
0.235459 0.926207 -0.294448 
0.13658 -0.331494 -0.933519 
597.75 62.8 334 
0.0753366 0.049602 -0.162769 
-0.975569 -0.183239 -0.121196 
-0.192283 0.979008 0.0676029 
0.106264 0.0892552 -0.990324 
474.25 48.8 453.52 
0.181252 0.158711 -0.0873747 
-0.973031 -0.0733435 -0.218705 
-0.0169843 0.968313 -0.249162 
0.23005 -0.238728 -0.943444 
571 106.4 404.8 
0.106453 0.118545 -0.106209 
-0.932574 0.241494 -0.268303 
0.304812 0.924986 -0.226914 
0.193378 -0.293396 -0.936228 
587 89.2 313.12 
0.102325 0.0267904 -0.120647 
-0.940922 -0.121104 0.316228 
-0.154082 0.984703 -0.0813571 
-0.301538 -0.125276 -0.945188 
537.75 -140.4 444.64 
0.012619 0.162609 -0.310205 
-0.973175 0.193405 0.124604 
0.1646 0.963692 -0.210248 
-0.160743 -0.184099 -0.969675 
553.75 -74 353.92 
0.040236 0.0625228 -0.27871 
-0.924492 -0.208121 0.319375 
-0.150563 0.969048 0.195646 
-0.350207 0.132787 -0.927212 
459.25 -164 444.4 
0.0902601 0.169283 -0.269103 
-0.8459 -0.460851 -0.268457 
-0.347792 0.858244 -0.377437 
0.404344 -0.225907 -0.886269 
571.5 190.8 507.28 
0.122062 0.236274 -0.051204 
-0.875127 0.406399 -0.262664 
0.39238 0.913641 0.106294 
0.283179 -0.0100431 -0.959015 
503 131.6 284.08 
0.187544 -0.00488223 0.00152855 
-0.852859 0.268918 0.447565 
0.373492 0.913197 0.163018 
-0.364877 0.306193 -0.879267 
404 -171.2 286.48 
0.11409 0.0213119 -0.289332 
-0.883042 -0.384236 -0.269441 
-0.353192 0.922187 -0.157565 
0.309017 -0.0439718 -0.950039 
513.25 144 504.64 
0.180173 0.219406 -0.0451368 
-0.917914 0.394753 -0.0400477 
0.376464 0.898352 0.22636 
0.125333 0.192703 -0.97322 
444 57.6 292.96 
0.192299 -0.00111212 -0.0439589 
-0.981451 0.190792 -0.0187747 
0.191664 0.974251 -0.11874 
-0.00436331 -0.120136 -0.992748 
534.5 -2 346.96 
0.0939707 0.0492005 -0.184705 
-0.964892 -0.11915 0.234065 
-0.0793286 0.981767 0.172746 
-0.25038 0.148113 -0.956751 
456 -116 422.56 
0.113121 0.139567 -0.22738 
-0.863705 0.230458 -0.448222 
0.370184 0.893593 -0.253879 
0.34202 -0.385202 -0.857113 
621 160 288.64 
0.114098 0.0250686 -0.058394 
-0.899069 0.386199 -0.206217 
0.40689 0.910945 -0.067967 
0.161604 -0.145015 -0.976143 
542.25 74.4 283.12 
0.134482 -0.0130884 -0.0991326 
-0.954883 -0.286414 0.0785153 
-0.29376 0.87209 -0.391362 
0.0436194 -0.39677 -0.916881 
617 20 482.08 
-0.00965324 0.203272 -0.223695 
-0.923464 0.0630855 0.378463 
0.099505 0.992019 0.0774377 
-0.370557 0.10917 -0.922371 
466.25 -174 370.48 
0.0683272 0.095305 -0.30908 
-0.972852 0.0188567 0.230659 
-0.0722954 0.922034 -0.380299 
-0.219846 -0.38665 -0.895639 
616.75 -101.6 420.4 
-0.047146 0.14763 -0.344367 
-0.993814 0.0513429 0.0984761 
0.0616548 0.99259 0.104705 
-0.0923706 0.110129 -0.989616 
468.25 -42.4 382.96 
0.133424 0.0890898 -0.17161 
-0.900276 0.194914 0.389245 
0.178259 0.980819 -0.0788517 
-0.397148 -0.00160178 -0.917753 
500.5 -187.2 346.24 
0.0335057 0.0724941 -0.357424 
-0.983498 -0.0319696 -0.178072 
0.0120163 0.970547 -0.240611 
0.180519 -0.23878 -0.954147 
570.25 83.2 396.64 
0.0972454 0.107892 -0.127514 
-0.917305 0.173577 0.358361 
0.0915592 0.967817 -0.234409 
-0.387516 -0.182213 -0.903676 
557 -182.4 372.64 
-0.0177495 0.0991397 -0.391846 
-0.980614 0.0224143 -0.194664 
0.0651323 0.974235 -0.215924 
0.184809 -0.224417 -0.956808 
566 85.2 381.76 
0.105314 0.0922867 -0.120045 
-0.976319 0.108637 -0.187083 
0.148526 0.965358 -0.214531 
0.157296 -0.237238 -0.958632 
569.5 72.4 358.48 
0.099722 0.0683469 -0.133094 
-0.984711 0.167348 0.0483712 
0.133138 0.902074 -0.410532 
-0.112336 -0.397815 -0.910562 
618 -51.6 363.04 
-0.00564277 0.0849276 -0.30361 
-0.929705 -0.0929974 0.356371 
-0.103462 0.994579 -0.0103698 
-0.353475 -0.0465116 -0.934287 
514.25 -165.6 430.48 
0.0264589 0.15194 -0.319115 
-0.993229 0.110414 0.0361308 
0.110531 0.993872 0.00124749 
-0.0357716 0.00523261 -0.999346 
498.5 -16.4 369.52 
0.118625 0.0711145 -0.17084 
-0.983466 0.135338 0.120322 
0.0817198 0.924607 -0.372052 
-0.161604 -0.356068 -0.92038 
605.75 -74.4 377.2 
-0.0105596 0.0973971 -0.316686 
-0.937754 -0.0603405 0.342019 
0.028651 0.967994 0.249333 
-0.346117 0.243613 -0.906011 
424.75 -162 391.6 
0.118637 0.121486 -0.256389 
-0.96002 -0.11723 0.254201 
-0.00754014 0.918586 0.395148 
-0.279829 0.377434 -0.882745 
384.25 -130 402.16 
0.180664 0.138133 -0.190134 
-0.981521 -0.0196994 0.190336 
-0.0634721 0.971889 -0.226723 
-0.180519 -0.234615 -0.95518 
569 -83.2 417.76 
0.0109177 0.131381 -0.289407 
-0.993338 -0.107589 0.0412794 
-0.0930236 0.960077 0.263817 
-0.0680153 0.25822 -0.963689 
425 -31.2 425.68 
0.190776 0.139976 -0.121302 
-0.909993 -0.356524 0.211668 
-0.404204 0.876546 -0.261318 
-0.0923706 -0.323355 -0.941759 
594.75 -42.4 514.96 
-0.0177179 0.231685 -0.254021 
-0.895761 -0.213197 -0.390076 
-0.170066 0.975089 -0.142402 
0.410719 -0.0612199 -0.909704 
519.25 194 451.6 
0.203016 0.176125 0.00740755 
-0.94374 -0.30796 0.120477 
-0.284034 0.94146 0.181599 
-0.16935 0.137163 -0.975965 
460 -78 480.4 
0.137603 0.192684 -0.185699 
-0.950065 0.239569 0.199959 
0.190704 0.952949 -0.235626 
-0.246999 -0.185727 -0.95105 
555.25 -114.4 345.52 
0.0218227 0.0593356 -0.325351 
-0.918233 -0.302341 0.255808 
-0.285998 0.953021 0.0997825 
-0.273959 0.018463 -0.961564 
494.5 -127.2 483.04 
0.0709649 0.19867 -0.25357 
-0.887097 0.359319 0.289741 
0.393107 0.917104 0.0662372 
-0.241922 0.172658 -0.95481 
448.75 -112 285.28 
0.107132 -0.000550062 -0.253075 
-0.978009 -0.208563 0.000602144 
-0.204317 0.957509 -0.203546 
0.0418757 -0.199193 -0.979065 
557.5 19.2 456.64 
0.0680041 0.16326 -0.180716 
-0.997904 0.025854 0.0593293 
0.0156763 0.986001 -0.166 
-0.0627905 -0.164722 -0.984339 
547.5 -28.8 395.68 
0.0627092 0.101101 -0.221648 
-0.872963 -0.213508 0.438577 
-0.250318 0.967784 -0.0271083 
-0.41866 -0.133448 -0.898285 
542.25 -198 476.8 
-0.0196029 0.207001 -0.354749 
-0.93283 0.281354 -0.225097 
0.316653 0.93822 -0.139547 
0.171929 -0.201451 -0.964291 
559 79.2 310 
0.119931 0.0183893 -0.110153 
-0.987795 0.143237 0.0611879 
0.138826 0.987759 -0.0711275 
-0.070627 -0.0617649 -0.995589 
517.75 -32.4 361.6 
0.0918542 0.0655081 -0.203992 
-0.941921 -0.000635824 0.335835 
0.0824074 0.968988 0.232963 
-0.325568 0.247108 -0.912657 
424.25 -152 376 
0.120395 0.103992 -0.250751 
-0.885015 0.344043 0.313659 
0.38298 0.921077 0.070309 
-0.264715 0.18235 -0.946929 
445.5 -122.8 287.68 
0.104718 0.00402354 -0.2628 
-0.913442 0.0065235 0.406916 
-0.0526688 0.989568 -0.134095 
-0.403545 -0.14392 -0.90357 
545.25 -190.4 415.84 
-0.0167187 0.143714 -0.374519 
-0.958247 -0.280397 -0.0560467 
-0.244254 0.904572 -0.349413 
0.148672 -0.321134 -0.935291 
594.75 68.4 468.64 
0.0448147 0.184891 -0.166112 
-0.924753 -0.178952 -0.335868 
-0.148949 0.982334 -0.113286 
0.350207 -0.0547346 -0.935072 
516.75 164 443.92 
0.191513 0.161992 -0.015831 
-0.995675 0.046709 -0.0803036 
0.0321601 0.984264 0.173752 
0.0871557 0.170418 -0.98151 
450.75 40 391.12 
0.194159 0.0983065 -0.0724026 
-0.941796 -0.321793 0.0973086 
-0.270056 0.896548 0.351099 
-0.200223 0.304385 -0.931268 
409.5 -92.4 476.8 
0.194075 0.201091 -0.160551 
-0.99221 0.033621 0.119958 
-0.0155869 0.921827 -0.387288 
-0.123601 -0.38614 -0.914122 
614.5 -56.8 404.32 
-0.0187048 0.126102 -0.301825 
-0.965353 0.171354 0.196803 
0.178918 0.983636 0.0211831 
-0.189952 0.0556606 -0.980214 
483.75 -87.6 349.6 
0.0935311 0.0586349 -0.237568 
-0.973796 -0.215712 0.0720338 
-0.22661 0.947098 -0.227274 
-0.0191974 -0.237642 -0.971163 
568.75 -8.8 462.88 
0.0398172 0.17158 -0.214043 
-0.869841 -0.456816 0.186268 
-0.364755 0.849747 0.380636 
-0.332161 0.263151 -0.905771 
419 -155.2 509.2 
0.163977 0.240776 -0.215409 
-0.830564 0.280889 0.4809 
0.384654 0.913773 0.130611 
-0.402747 0.293461 -0.866992 
406.5 -190 280.72 
0.103803 0.0183828 -0.315842 
-0.937573 0.345972 0.0355012 
0.347749 0.934107 0.0807173 
-0.00523596 0.0880238 -0.996105 
474.75 -2.4 302.32 
0.141582 0.00487953 -0.139795 
-0.879598 0.369253 0.299933 
0.367944 0.927707 -0.0630674 
-0.301538 0.0548847 -0.951873 
483.5 -140.4 291.04 
0.0699252 0.00558999 -0.312302 
-0.979744 0.182853 -0.0816481 
0.159561 0.959187 0.233452 
0.121003 0.215695 -0.968934 
437.25 55.6 355.6 
0.208081 0.0650027 -0.0433715 
-0.912034 0.407078 -0.0498151 
0.401305 0.910876 0.0962275 
0.0845474 0.0677718 -0.994112 
480.5 38.8 286 
0.156985 -0.0125258 -0.0947163 
-0.90511 0.0943394 0.41458 
0.1539 0.981648 0.112617 
-0.396347 0.165735 -0.903018 
448 -186.8 353.68 
0.0778191 0.0834253 -0.314213 
-0.92688 -0.225263 0.30025 
-0.235398 0.971896 0.00248654 
-0.292372 -0.0683733 -0.953857 
520.5 -136 468.4 
0.0342047 0.185095 -0.285516 
-0.927662 -0.316388 -0.198347 
-0.335809 0.939133 0.0725333 
0.163326 0.133893 -0.977444 
461 75.2 495.52 
0.214694 0.204456 -0.0587664 
-0.911593 0.261043 -0.317576 
0.360925 0.87804 -0.31429 
0.196802 -0.401126 -0.894632 
620.75 90.8 296.32 
0.0796442 0.0202338 -0.140538 
-0.98193 0.176679 0.0678094 
0.13189 0.895857 -0.424318 
-0.135716 -0.407707 -0.902971 
621.5 -62.4 363.28 
-0.0138717 0.0871791 -0.317678 
-0.904723 0.158673 0.395347 
0.248353 0.950475 0.186864 
-0.346117 0.267246 -0.899323 
417.25 -162 326.32 
0.113131 0.0568127 -0.273139 
-0.985366 -0.170227 -0.00879226 
-0.168432 0.980302 -0.103144 
0.0261769 -0.100154 -0.994628 
528.75 12 446.56 
0.0989425 0.150135 -0.164576 
-0.938664 0.186788 0.289861 
0.136936 0.973378 -0.183806 
-0.316477 -0.132839 -0.939253 
540.25 -147.6 360.16 
0.0156629 0.0778722 -0.345528 
-0.955115 -0.177645 0.237059 
-0.141039 0.976418 0.163448 
-0.260505 0.122677 -0.957647 
463.5 -120.8 440.32 
0.105445 0.157103 -0.233693 
-0.912346 0.125219 0.389801 
0.26075 0.911734 0.317413 
-0.315649 0.391231 -0.864468 
378.25 -147.2 323.44 
0.153752 0.062739 -0.227967 
-0.909771 -0.221053 -0.351357 
-0.303523 0.931645 0.199778 
0.283179 0.288397 -0.914679 
412.5 131.6 488.56 
0.302767 0.216644 0.0288991 
-0.99952 0.0177974 0.0253611 
0.0261734 0.923061 0.383763 
-0.0165799 0.384242 -0.923083 
387 -7.6 392.8 
0.23373 0.115924 -0.0705609 
-0.961338 -0.0294078 -0.273795 
-0.0411324 0.998462 0.0371797 
0.27228 0.0470041 -0.961069 
486 126.4 411.76 
0.206907 0.12376 -0.0178614 
-0.899404 -0.232224 0.370331 
-0.321148 0.925796 -0.199416 
-0.296542 -0.298286 -0.907242 
591 -138 494.32 
-0.0524071 0.220769 -0.334831 
-0.899963 -0.420136 -0.116411 
-0.408242 0.905835 -0.113146 
0.152986 -0.0543033 -0.986735 
515.75 70.4 517.12 
0.13984 0.222555 -0.10716 
-0.932594 -0.356618 0.0555978 
-0.312042 0.874069 0.372334 
-0.181377 0.329888 -0.926432 
402 -83.6 488.8 
0.212053 0.214285 -0.146457 
-0.893808 0.446751 0.0389853 
0.414892 0.85679 -0.306227 
-0.170209 -0.257533 -0.95116 
575.75 -78.4 280.48 
0.0385291 -0.00829536 -0.308357 
-0.931278 -0.346696 -0.111909 
-0.345414 0.937929 -0.0312694 
0.115804 0.00953458 -0.993226 
497.25 53.2 497.68 
0.156768 0.202174 -0.105375 
-0.997501 0.0639707 -0.0299825 
0.0706269 0.913426 -0.400831 
0.00174533 -0.401947 -0.915661 
618.5 0.8 380.56 
0.0128855 0.101054 -0.248382 
-0.916894 0.105979 -0.384804 
0.201592 0.955058 -0.217313 
0.344479 -0.276826 -0.897052 
585.75 161.2 340.48 
0.132316 0.0648746 -0.0463364 
-0.98256 0.0443011 -0.180594 
0.0687073 0.98897 -0.131215 
0.172789 -0.141334 -0.974766 
541.25 79.6 380.8 
0.127263 0.0877212 -0.105843 
-0.976508 0.196212 0.089065 
0.214699 0.921118 0.324723 
-0.0183249 0.336217 -0.941606 
401.75 -8.4 340.48 
0.202297 0.0587459 -0.0863296 
-0.938465 -0.334331 -0.0866426 
-0.336943 0.94137 0.0170903 
0.0758489 0.0452323 -0.996093 
487 34.8 494.8 
0.160777 0.19904 -0.112196 
-0.944466 0.287585 -0.158993 
0.253069 0.945188 0.206339 
0.209619 0.154644 -0.965477 
454.5 96.8 328 
0.209712 0.0360739 -0.00898017 
-0.936058 0.301864 0.180757 
0.263996 0.942193 -0.206347 
-0.232597 -0.145434 -0.961638 
543 -107.6 324.4 
0.0385812 0.0355032 -0.312374 
-0.991897 0.0266564 0.124216 
-0.0207773 0.930539 -0.365603 
-0.125333 -0.365222 -0.922445 
608 -57.6 405.76 
-0.0131703 0.125697 -0.297429 
-0.92672 0.205694 0.314451 
0.224197 0.974262 0.0234307 
-0.301538 0.0922127 -0.948985 
472.25 -140.4 334.72 
0.0772414 0.0519126 -0.289473 
-0.933982 0.349871 0.0725797 
0.356653 0.925207 0.12958 
-0.0218149 0.146911 -0.988909 
457.75 -10 299.68 
0.149591 0.00474923 -0.135755 
-0.901747 -0.430152 -0.0426767 
-0.406207 0.87701 -0.256611 
0.147809 -0.214062 -0.965572 
562.5 68 516.4 
0.0752335 0.226194 -0.143144 
-0.909738 0.374091 0.180089 
0.389914 0.918825 0.0610575 
-0.142629 0.125766 -0.981754 
463.5 -65.6 288.64 
0.11932 -0.00503253 -0.207929 
-0.922332 -0.382854 0.0522258 
-0.38393 0.892769 -0.235716 
0.0436194 -0.23746 -0.970418 
568.75 20 508.48 
0.0648247 0.246709 -0.208891 
-0.882352 -0.170156 0.43875 
-0.22245 0.97241 -0.0702405 
-0.414693 -0.159577 -0.89586 
550.5 -196 467.92 
-0.028337 0.198368 -0.363182 
-0.980634 -0.163732 0.107468 
-0.192393 0.908002 -0.372179 
-0.0366437 -0.385647 -0.921919 
613.5 -16.8 453.28 
-0.0133901 0.173328 -0.256706 
-0.947326 -0.052465 0.315943 
0.0289434 0.96843 0.2476 
-0.318959 0.243702 -0.915901 
425.5 -148.8 391.6 
0.124148 0.118955 -0.243521 
-0.951608 -0.147732 -0.269476 
-0.164371 0.985582 0.0401351 
0.259662 0.0824871 -0.96217 
475.5 120.4 447.04 
0.216893 0.159216 -0.0223818 
-0.975965 0.0023949 -0.217916 
0.081954 0.930574 -0.356814 
0.201933 -0.366097 -0.908403 
609.75 93.2 376.96 
0.067008 0.0986107 -0.145954 
-0.998673 -0.0383472 0.0343622 
-0.0462228 0.961711 -0.270141 
-0.0226873 -0.271371 -0.962208 
578.75 -10.4 412.72 
0.0377003 0.123057 -0.227444 
-0.883884 0.462829 -0.0673643 
0.38616 0.803428 0.453193 
0.263873 0.374557 -0.888863 
385.75 122.4 286.72 
0.258021 0.0137626 0.0753584 
-0.983783 -0.148153 -0.101103 
-0.172582 0.9354 0.308612 
0.0488498 0.321056 -0.9458 
406.25 22.4 447.76 
0.245838 0.166335 -0.0561695 
-0.973934 0.0918029 0.207424 
0.0963532 0.995276 0.0119197 
-0.20535 0.031595 -0.978178 
490.75 -94.8 372.88 
0.0842819 0.0826633 -0.246046 
-0.97857 0.183011 0.0943853 
0.182251 0.98311 -0.0166908 
-0.0958458 0.000868647 -0.995396 
499.75 -44 349.36 
0.101934 0.0537802 -0.20295 
-0.929156 -0.0365164 0.367879 
-0.123151 0.968846 -0.214874 
-0.348572 -0.244956 -0.904707 
575.75 -163.2 436.24 
-0.0380557 0.16322 -0.365614 
-0.993048 -0.0628127 -0.0995546 
-0.0781545 0.984247 0.158586 
0.0880251 0.165264 -0.982313 
452.25 40.4 421.6 
0.197903 0.12834 -0.075305 
-0.987521 0.122029 0.09956 
0.0942177 0.964318 -0.247413 
-0.126199 -0.234945 -0.963782 
568.5 -58 373.84 
0.0318964 0.0837316 -0.270788 
-0.983669 0.0696946 0.165944 
0.0206049 0.95953 -0.280852 
-0.178802 -0.272846 -0.945296 
580.5 -82.4 394.24 
0.0043949 0.108993 -0.302465 
-0.870618 -0.444833 0.210116 
-0.360622 0.867565 0.342467 
-0.334629 0.222385 -0.915734 
431.75 -156.4 508 
0.145389 0.236867 -0.225566 
-0.975143 -0.209148 -0.0731615 
-0.221547 0.92554 0.307071 
0.00349065 0.315647 -0.94887 
408 1.6 461.44 
0.236735 0.179037 -0.0772488 
-0.929944 -0.364724 -0.0466882 
-0.364441 0.897372 0.248808 
-0.0488498 0.248393 -0.967427 
428 -22.4 502.72 
0.210745 0.216625 -0.114019 
-0.914947 -0.295957 0.274374 
-0.212915 0.931533 0.29481 
-0.34284 0.211318 -0.915317 
435 -160.4 462.88 
0.125821 0.191344 -0.241875 
-0.986792 -0.0648938 -0.148425 
-0.0111953 0.941382 -0.337157 
0.161604 -0.331042 -0.929675 
598 74.4 403.12 
0.0623602 0.120069 -0.159136 
-0.908936 -0.138406 0.393293 
-0.261492 0.923949 -0.279179 
-0.324743 -0.356598 -0.876002 
610.75 -151.6 477.04 
-0.0800247 0.211687 -0.367715 
-0.925816 -0.0324892 -0.376576 
0.026669 0.988201 -0.150823 
0.377033 -0.149677 -0.914026 
546.5 177.2 392.08 
0.170408 0.11296 -0.0131386 
-0.930884 -0.343923 -0.123172 
-0.36481 0.892883 0.263958 
0.0191974 0.290649 -0.956637 
415.5 8.8 502.72 
0.242272 0.218564 -0.0792682 
-0.955625 0.00408887 0.294557 
0.0718538 0.972939 0.219608 
-0.285688 0.231028 -0.930058 
430.25 -132.8 379.36 
0.124276 0.102875 -0.234514 
-0.932158 -0.353326 -0.0790055 
-0.301079 0.877689 -0.372845 
0.201078 -0.323764 -0.924524 
596.5 92.8 485.92 
0.04919 0.204641 -0.147026 
-0.942612 0.328461 -0.0599683 
0.293591 0.900903 0.319655 
0.15902 0.283704 -0.945635 
416.5 73.2 316.96 
0.226305 0.0308377 -0.00489645 
-0.958272 0.259031 0.120904 
0.208937 0.923333 -0.322184 
-0.19509 -0.283478 -0.938925 
584 -90 340.96 
0.0107992 0.0564454 -0.321731 
-0.983436 0.160464 -0.0842879 
0.180494 0.909521 -0.374425 
0.0165799 -0.383437 -0.923418 
612.75 7.6 350.08 
0.0311361 0.0684093 -0.236393 
-0.931169 0.19459 -0.308318 
0.175105 0.980433 0.0899399 
0.319786 0.0297614 -0.947022 
491 149.2 348.88 
0.210424 0.0637232 0.0165168 
-0.933761 -0.106979 0.341535 
-0.215576 0.929865 -0.298125 
-0.285688 -0.352004 -0.891333 
607.75 -132.8 462.4 
-0.0639995 0.192208 -0.35399 
-0.881481 0.307977 -0.357968 
0.360623 0.928432 -0.089244 
0.304864 -0.207759 -0.929459 
563 142 293.2 
0.148797 0.00913662 -0.0356203 
-0.991172 -0.0935271 0.0939712 
-0.0675713 0.966172 0.24889 
-0.11407 0.240343 -0.963962 
430 -52.4 418.72 
0.172807 0.133185 -0.146243 
-0.955189 -0.0741085 -0.28657 
-0.0709828 0.99725 -0.0212959 
0.287361 0 -0.957822 
500 133.6 420.4 
0.195927 0.133064 -0.0244984 
-0.903396 -0.0675306 0.423456 
-0.202761 0.937421 -0.283072 
-0.377841 -0.341587 -0.860555 
608.25 -177.6 460.72 
-0.0862296 0.200138 -0.395075 
-0.88675 -0.347724 -0.30457 
-0.26857 0.923828 -0.272785 
0.376224 -0.160094 -0.912593 
549.75 176.8 480.88 
0.151707 0.203881 -0.040722 
-0.94722 -0.316961 0.0480693 
-0.318775 0.947136 -0.0362844 
-0.0340274 -0.0496926 -0.998185 
514.25 -15.6 489.28 
0.101042 0.193379 -0.175223 
-0.938013 0.219154 0.26852 
0.298456 0.904622 0.304275 
-0.176226 0.365556 -0.913955 
391 -81.2 315.28 
0.169721 0.0414626 -0.165167 
-0.965571 -0.111723 0.234925 
-0.141722 0.983214 -0.114912 
-0.218143 -0.14425 -0.965197 
542.5 -100.8 440.08 
0.0271436 0.152569 -0.279714 
-0.92583 -0.376862 -0.0285315 
-0.329673 0.842202 -0.426628 
0.184809 -0.385579 -0.903977 
615.5 85.2 494.08 
0.0182868 0.217797 -0.167035 
-0.905102 0.0396078 -0.423346 
0.0696438 0.996015 -0.0557106 
0.419452 -0.0799072 -0.904254 
525.25 198.4 378.88 
0.204515 0.104198 0.0311935 
-0.971411 -0.0770552 -0.224552 
-0.101242 0.989998 0.0982552 
0.214735 0.11818 -0.969496 
465.25 99.2 428.56 
0.215884 0.139016 -0.0301926 
-0.899115 -0.423217 0.11171 
-0.408803 0.903136 0.131245 
-0.156434 0.0723365 -0.985036 
479 -72 517.36 
0.121744 0.227106 -0.19068 
